United States,0,0,0,0,0,0,0,0,0,0,0,0,0,0,0,0,0,0,0,0,0,0,0,0,0,0,0,0,0,0,0,0,0,0,0,0,0,0,1,1,6,7,11,12,14,17,21,22,28,36,40,47,54,63,85,108,118,200,244,307,417,557,706,942,1209,1581,2026,2467,2978,3873,4757,5926,7087,8407,9619,10783,12794,14695,16544,18586,20462,22019,23528,25831,28325,32916,36773,38664
Italy,0,0,0,0,0,0,0,0,0,0,0,0,0,0,0,0,0,0,0,0,0,0,0,0,0,0,0,0,0,0,1,2,3,7,10,12,17,21,29,34,52,79,107,148,197,233,366,463,631,827,827,1266,1441,1809,2158,2503,2978,3405,4032,4825,5476,6077,6820,7503,8215,9134,10023,10779,11591,12428,13155,13915,14681,15362,15887,16523,17127,17669,18279,18849,19468,19899,20465,21067,21645,22170,22745,23227
Spain,0,0,0,0,0,0,0,0,0,0,0,0,0,0,0,0,0,0,0,0,0,0,0,0,0,0,0,0,0,0,0,0,0,0,0,0,0,0,0,0,0,1,2,3,5,10,17,28,35,54,55,133,195,289,342,533,623,830,1043,1375,1772,2311,2808,3647,4365,5138,5982,6803,7716,8464,9387,10348,11198,11947,12641,13341,14045,14792,15447,16081,16606,17209,17756,18056,18708,19315,20002,20043
France,0,0,0,0,0,0,0,0,0,0,0,0,0,0,0,0,0,0,0,0,0,0,0,0,1,1,1,1,1,1,1,1,1,1,1,2,2,2,2,2,3,4,4,6,9,11,19,19,33,48,48,79,91,91,149,149,149,244,451,563,676,862,1102,1333,1698,1997,2317,2611,3030,3532,4414,5398,6520,7574,8093,8926,10343,10887,12228,13215,13851,14412,14986,15748,17188,17941,18703,19345
United Kingdom,0,0,0,0,0,0,0,0,0,0,0,0,0,0,0,0,0,0,0,0,0,0,0,0,0,0,0,0,0,0,0,0,0,0,0,0,0,0,0,0,0,0,0,1,2,2,3,4,6,8,8,8,21,21,56,56,72,138,178,234,282,336,423,466,580,761,1021,1231,1411,1793,2357,2926,3611,4320,4943,5385,6171,7111,7993,8974,9892,10629,11347,12129,12894,13759,14607,15498
Belgium,0,0,0,0,0,0,0,0,0,0,0,0,0,0,0,0,0,0,0,0,0,0,0,0,0,0,0,0,0,0,0,0,0,0,0,0,0,0,0,0,0,0,0,0,0,0,0,0,0,3,3,3,4,4,5,10,14,21,37,67,75,88,122,178,220,289,353,431,513,705,828,1011,1143,1283,1447,1632,2035,2240,2523,3019,3346,3600,3903,4157,4440,4857,5163,5453
Iran,0,0,0,0,0,0,0,0,0,0,0,0,0,0,0,0,0,0,0,0,0,0,0,0,0,0,0,0,2,2,4,5,8,12,16,19,26,34,43,54,66,77,92,107,124,145,194,237,291,354,429,514,611,724,853,988,1135,1284,1433,1556,1685,1812,1934,2077,2234,2378,2517,2640,2757,2898,3036,3160,3294,3452,3603,3739,3872,3993,4110,4232,4357,4474,4585,4683,4777,4869,4958,5031
China,17,18,26,42,56,82,131,133,171,213,259,361,425,491,563,633,718,805,905,1012,1112,1117,1369,1521,1663,1766,1864,2003,2116,2238,2238,2443,2445,2595,2665,2717,2746,2790,2837,2872,2914,2947,2983,3015,3044,3072,3100,3123,3139,3161,3172,3180,3193,3203,3217,3230,3241,3249,3253,3259,3274,3274,3281,3285,3291,3296,3299,3304,3308,3309,3316,3322,3326,3330,3333,3335,3335,3337,3339,3340,3343,3343,3345,3345,3346,3346,4636,4636
Germany,0,0,0,0,0,0,0,0,0,0,0,0,0,0,0,0,0,0,0,0,0,0,0,0,0,0,0,0,0,0,0,0,0,0,0,0,0,0,0,0,0,0,0,0,0,0,0,2,2,3,3,7,9,11,17,24,28,44,67,84,94,123,157,206,267,342,433,533,645,775,920,1107,1275,1444,1584,1810,2016,2349,2607,2767,2736,3022,3194,3294,3804,4052,4352,4459
Netherlands,0,0,0,0,0,0,0,0,0,0,0,0,0,0,0,0,0,0,0,0,0,0,0,0,0,0,0,0,0,0,0,0,0,0,0,0,0,0,0,0,0,0,0,0,1,1,3,3,4,5,5,10,12,20,24,43,58,77,107,137,180,214,277,357,435,547,640,772,865,1040,1175,1341,1490,1656,1771,1874,2108,2255,2403,2520,2653,2747,2833,2955,3145,3327,3471,3613
Brazil,0,0,0,0,0,0,0,0,0,0,0,0,0,0,0,0,0,0,0,0,0,0,0,0,0,0,0,0,0,0,0,0,0,0,0,0,0,0,0,0,0,0,0,0,0,0,0,0,0,0,0,0,0,0,0,1,3,6,11,15,25,34,46,59,77,92,111,136,159,201,240,324,359,445,486,564,686,819,950,1057,1124,1223,1328,1532,1736,1924,2141,2354
Turkey,0,0,0,0,0,0,0,0,0,0,0,0,0,0,0,0,0,0,0,0,0,0,0,0,0,0,0,0,0,0,0,0,0,0,0,0,0,0,0,0,0,0,0,0,0,0,0,0,0,0,0,0,0,0,0,1,1,3,4,9,30,37,44,59,75,92,108,131,168,214,277,356,425,501,574,649,725,812,908,1006,1101,1198,1296,1403,1518,1643,1769,1890
Sweden,0,0,0,0,0,0,0,0,0,0,0,0,0,0,0,0,0,0,0,0,0,0,0,0,0,0,0,0,0,0,0,0,0,0,0,0,0,0,0,0,0,0,0,0,0,0,0,0,0,1,1,1,2,3,6,7,10,11,16,20,21,25,36,62,77,105,105,110,146,180,239,308,358,373,401,477,591,687,793,870,887,899,919,1033,1203,1333,1400,1511
Canada,0,0,0,0,0,0,0,0,0,0,0,0,0,0,0,0,0,0,0,0,0,0,0,0,0,0,0,0,0,0,0,0,0,0,0,0,0,0,0,0,0,0,0,0,0,0,0,1,1,1,1,1,1,1,4,5,8,9,12,19,21,25,26,30,38,54,61,64,80,101,109,139,179,218,259,339,375,407,503,557,654,714,779,899,1006,1257,1354,1399
Switzerland,0,0,0,0,0,0,0,0,0,0,0,0,0,0,0,0,0,0,0,0,0,0,0,0,0,0,0,0,0,0,0,0,0,0,0,0,0,0,0,0,0,0,0,1,1,1,2,2,3,4,4,11,13,14,14,27,28,41,54,75,98,120,122,153,191,231,264,300,359,433,488,536,591,666,715,765,821,895,948,1002,1036,1106,1138,1174,1239,1281,1327,1368
Portugal,0,0,0,0,0,0,0,0,0,0,0,0,0,0,0,0,0,0,0,0,0,0,0,0,0,0,0,0,0,0,0,0,0,0,0,0,0,0,0,0,0,0,0,0,0,0,0,0,0,0,0,0,0,0,0,1,2,3,6,12,14,23,33,43,60,76,100,119,140,160,187,209,246,266,295,311,345,380,409,435,470,504,535,567,599,629,657,687
Ireland,0,0,0,0,0,0,0,0,0,0,0,0,0,0,0,0,0,0,0,0,0,0,0,0,0,0,0,0,0,0,0,0,0,0,0,0,0,0,0,0,0,0,0,0,0,0,0,0,0,1,1,1,2,2,2,2,2,3,3,3,4,6,7,9,19,22,36,46,54,71,85,98,120,137,158,174,210,235,263,287,320,334,365,406,444,486,530,571
Mexico,0,0,0,0,0,0,0,0,0,0,0,0,0,0,0,0,0,0,0,0,0,0,0,0,0,0,0,0,0,0,0,0,0,0,0,0,0,0,0,0,0,0,0,0,0,0,0,0,0,0,0,0,0,0,0,0,0,1,1,2,2,3,4,5,6,8,12,16,20,28,29,37,50,60,79,94,125,141,174,194,233,273,296,332,406,449,486,546
Indonesia,0,0,0,0,0,0,0,0,0,0,0,0,0,0,0,0,0,0,0,0,0,0,0,0,0,0,0,0,0,0,0,0,0,0,0,0,0,0,0,0,0,0,0,0,0,0,0,0,0,1,1,4,5,5,5,5,19,25,32,38,48,49,55,58,78,87,102,114,122,136,157,170,181,191,198,209,221,240,280,306,327,373,399,459,469,496,520,535
India,0,0,0,0,0,0,0,0,0,0,0,0,0,0,0,0,0,0,0,0,0,0,0,0,0,0,0,0,0,0,0,0,0,0,0,0,0,0,0,0,0,0,0,0,0,0,0,0,0,1,1,2,2,2,2,3,3,4,5,4,7,10,10,12,20,20,24,27,32,35,58,72,72,86,99,136,150,178,226,246,288,331,358,393,405,448,486,521
