Germany,0,0,0,0,0,0,0,0,0,0,0,0,0,0,0,0,0,0,0,0,0,0,1,1,1,1,1,12,12,12,14,14,14,14,14,15,16,16,16,16,16,16,16,16,17,18,18,18,18,25,25,46,46,46,67,67,105,113,180,233,266,266,3243,3547,5673,6658,8481,9211,13500,16100,18700,22440,24575,26400,28700,28700,36081,46300,52407,53913,57400,60300,64300,68200,72600,77000,83114,85400
China,28,30,36,39,49,58,101,120,135,214,275,463,614,843,1115,1477,1999,2596,3219,3918,4636,5082,6217,7977,9298,10755,12462,14206,15962,18014,18704,22699,23187,25015,27676,30084,32930,36329,39320,42162,44854,47450,50001,52292,53944,55539,57388,58804,60181,61644,62901,64196,65660,67017,67910,68798,69755,70535,71266,71857,72362,72814,73280,73773,74181,74720,75100,75582,75923,76206,76405,76565,76760,76946,77207,77310,77410,77567,77679,77791,77877,77956,78039,78200,78311,78401,77552,77614
Spain,0,0,0,0,0,0,0,0,0,0,0,0,0,0,0,0,0,0,0,0,0,0,0,0,2,2,2,2,2,2,2,2,2,2,2,2,2,2,2,2,2,2,2,2,2,30,30,32,32,183,183,193,517,517,530,1028,1081,1107,1588,2125,2575,2575,3794,5367,7015,9357,12285,14709,16780,19259,22647,26743,30513,34219,38080,40437,43208,48021,52165,55668,59109,62391,64727,67504,70853,74797,74797,74797
United States,0,0,0,0,0,0,0,0,0,0,0,0,0,0,0,0,0,0,3,3,3,3,3,3,3,3,3,3,3,3,5,5,5,5,6,6,6,7,7,7,7,7,7,7,7,7,7,7,8,8,12,12,12,12,17,17,105,121,147,176,178,178,348,361,681,869,1072,2665,5644,7024,8474,9001,9707,14652,17448,19581,21763,23559,25410,28790,31270,32988,43482,47763,52096,54703,58545,64840
Iran,0,0,0,0,0,0,0,0,0,0,0,0,0,0,0,0,0,0,0,0,0,0,0,0,0,0,0,0,0,0,0,0,0,0,0,49,49,73,123,175,291,291,552,739,913,1669,2134,2394,2731,2959,2959,2959,2959,4590,4590,5389,5389,5710,6745,7635,7931,7931,8913,9625,10457,11133,11679,12391,13911,14656,15473,16711,17935,19736,19736,24236,27039,29812,32309,35465,41947,43894,45983,48129,49933,52229,54064,55987
Italy,0,0,0,0,0,0,0,0,0,0,0,0,0,0,0,0,0,0,0,0,0,0,0,0,0,0,0,0,0,0,0,1,2,1,1,3,45,46,46,83,149,160,276,414,523,589,622,724,724,1045,1045,1439,1966,2335,2749,2941,4025,4440,4440,6072,7024,7024,8326,9362,10361,10950,12384,13030,14620,15729,16847,18278,19758,20996,21815,22837,24392,26491,28470,30455,32534,34211,35435,37130,38092,40164,42727,44927
France,0,0,0,0,0,0,0,0,0,0,0,0,0,0,0,0,0,0,0,0,0,2,2,2,4,4,4,4,4,4,4,4,4,4,11,11,11,11,12,12,12,12,12,12,12,12,12,12,12,12,12,12,12,12,12,12,12,12,12,12,2206,2206,3250,3907,4955,5707,5724,7226,7964,9513,11053,12548,14135,15572,16349,17428,19523,21452,23413,25195,26663,27469,28001,29098,31470,33327,35006,36587
Switzerland,0,0,0,0,0,0,0,0,0,0,0,0,0,0,0,0,0,0,0,0,0,0,0,0,0,0,0,0,0,0,0,0,0,0,0,0,0,0,0,0,0,2,3,3,3,3,3,3,3,4,4,4,4,4,4,4,15,15,15,15,131,131,131,131,131,1530,1530,1595,1823,1823,2967,4013,4846,6415,6415,8056,8704,9800,10600,11100,12100,12700,13700,13700,15400,15900,16400,17100
Brazil,0,0,0,0,0,0,0,0,0,0,0,0,0,0,0,0,0,0,0,0,0,0,0,0,0,0,0,0,0,0,0,0,0,0,0,0,0,0,0,0,0,0,0,0,0,0,0,0,0,0,0,0,0,0,1,2,2,2,2,2,2,2,2,2,6,6,6,6,120,127,127,127,127,127,127,127,127,127,173,173,173,173,173,3046,14026,14026,14026,14026
Canada,0,0,0,0,0,0,0,0,0,0,0,0,0,0,0,0,0,0,0,0,0,1,1,1,1,1,1,1,1,1,3,3,3,3,3,3,6,6,6,6,6,6,6,6,6,8,8,8,8,8,8,8,8,8,9,9,9,9,9,10,10,10,110,183,184,256,466,466,466,1592,1324,1735,2175,2577,3012,3256,3791,4154,5162,5855,6589,7123,7758,8210,8966,9698,10545,10964
Turkey,0,0,0,0,0,0,0,0,0,0,0,0,0,0,0,0,0,0,0,0,0,0,0,0,0,0,0,0,0,0,0,0,0,0,0,0,0,0,0,0,0,0,0,0,0,0,0,0,0,0,0,0,0,0,0,0,0,0,0,0,0,0,0,26,26,42,70,105,162,243,333,415,484,786,1042,1326,1582,1846,2142,2423,2965,3446,3957,4799,5674,7089,8631,10453
Austria,0,0,0,0,0,0,0,0,0,0,0,0,0,0,0,0,0,0,0,0,0,0,0,0,0,0,0,0,0,0,0,0,0,0,0,0,0,0,0,0,0,0,0,0,0,0,0,2,4,4,4,6,6,6,6,1,9,9,9,9,9,9,9,9,112,225,225,479,636,1095,1436,1749,2022,2507,2998,3463,4046,4512,5240,6064,6604,6987,7343,7633,8098,8986,9704,10214
Belgium,0,0,0,0,0,0,0,0,0,0,0,0,0,0,0,0,0,0,0,0,0,0,0,0,0,0,1,1,1,1,1,1,1,1,1,1,1,1,1,1,1,1,1,1,1,1,1,1,1,1,1,1,1,1,1,1,31,31,1,263,263,263,461,547,675,858,1063,1359,1527,1696,2132,2495,2872,3247,3751,3986,4157,4681,5164,5568,5986,6463,6707,6868,7107,7562,7961,8348
South Korea,0,0,0,0,0,0,0,0,0,0,0,0,0,0,0,0,1,1,3,3,3,7,7,7,9,9,10,12,12,16,16,16,18,18,22,22,22,22,27,30,30,30,41,41,135,135,118,118,247,288,333,510,510,510,1137,1407,1540,1540,1540,1540,2909,2909,3507,3730,4144,4528,4811,5033,5228,5408,5567,5828,6021,6325,6463,6598,6694,6776,6973,7117,7243,7368,7447,7534,7616,7757,7829,7937
Peru,0,0,0,0,0,0,0,0,0,0,0,0,0,0,0,0,0,0,0,0,0,0,0,0,0,0,0,0,0,0,0,0,0,0,0,0,0,0,0,0,0,0,0,0,0,0,0,0,0,0,0,0,0,0,0,1,1,1,1,1,1,1,1,1,14,16,16,16,53,394,394,537,537,914,989,997,1301,1333,1438,1569,1739,1798,2642,2869,3108,6120,6541,6684
Australia,0,0,0,0,0,0,0,0,2,2,2,2,2,2,2,2,2,2,2,2,2,2,8,8,8,8,10,10,10,10,11,11,11,11,11,11,11,11,11,11,11,11,11,21,21,21,21,21,21,21,21,23,23,23,23,23,23,26,26,26,88,88,115,119,172,194,244,244,257,358,422,520,649,701,757,1080,1080,1080,1472,1793,1806,1806,1806,2186,2186,2355,3808,4124
Chile,0,0,0,0,0,0,0,0,0,0,0,0,0,0,0,0,0,0,0,0,0,0,0,0,0,0,0,0,0,0,0,0,0,0,0,0,0,0,0,0,0,0,0,0,0,0,0,0,0,0,0,0,0,0,0,0,0,0,6,6,8,8,17,22,22,43,61,75,156,156,234,335,427,528,618,728,898,1115,1274,1571,1864,2059,2367,2646,2937,3299,3621,4035
Denmark,0,0,0,0,0,0,0,0,0,0,0,0,0,0,0,0,0,0,0,0,0,0,0,0,0,0,0,0,0,0,0,0,0,0,0,0,0,0,0,0,0,0,0,0,1,1,1,1,1,1,1,1,1,1,1,1,1,1,1,1,1,1,36,41,50,57,57,73,73,77,971,1172,1287,1379,1429,1489,1621,1763,1883,1929,2111,2291,2403,2689,2925,3203,3571,4031
Israel,0,0,0,0,0,0,0,0,0,0,0,0,0,0,0,0,0,0,0,0,0,0,0,0,0,0,0,0,0,0,0,0,0,0,0,0,1,1,1,1,1,1,1,1,2,2,2,2,4,4,4,4,4,4,4,11,11,11,14,36,37,37,53,58,68,79,89,132,161,224,241,338,403,427,477,585,770,801,1011,1183,1341,1627,1855,2195,2563,2818,3126,3456
Malaysia,0,0,0,0,0,0,0,0,0,0,0,0,0,0,0,0,1,1,1,1,3,3,3,3,7,7,7,13,15,15,15,15,15,18,18,18,18,18,18,18,18,22,22,22,22,23,24,24,24,26,26,26,35,42,42,49,60,75,87,114,139,139,183,199,215,259,320,388,479,537,645,767,827,915,1005,1241,1321,1487,1608,1830,1995,2108,2276,2478,2647,2766,2967,3102
