United States,1,1,2,2,5,5,5,5,5,7,8,8,11,11,11,11,11,11,11,11,12,12,13,13,13,13,13,13,13,13,15,15,15,51,51,57,58,60,68,74,98,118,149,217,262,402,518,583,959,1281,1663,2179,2727,3499,4632,6421,7783,13747,19273,25600,33276,43843,53736,65778,83836,101657,121465,140909,161831,188172,213372,243762,275586,308853,337072,366667,397505,429052,462780,496535,526396,555313,580619,607670,636350,667801,699706,732197
Spain,0,0,0,0,0,0,0,0,0,0,1,1,1,1,1,1,1,1,2,2,2,2,2,2,2,2,2,2,2,2,2,2,2,2,6,13,15,32,45,84,120,165,222,259,400,500,673,1073,1695,2277,2277,5232,6391,7798,9942,11748,13910,17963,20410,25374,28768,35136,39885,49515,57786,65719,73235,80110,87956,95923,104118,112065,119199,126168,131646,136675,141942,148220,153222,158273,163027,166831,170099,172541,177644,184948,190839,191726
Italy,0,0,0,0,0,0,0,0,0,2,2,2,2,2,2,2,3,3,3,3,3,3,3,3,3,3,3,3,3,3,20,62,155,229,322,453,655,888,1128,1694,2036,2502,3089,3858,4636,5883,7375,9172,10149,12462,12462,17660,21157,24747,27980,31506,35713,41035,47021,53578,59138,63927,69176,74386,80589,86498,92472,97689,101739,105792,110574,115242,119827,124632,128948,132547,135586,139422,143626,147577,152271,156363,159516,162488,165155,168941,172434,175925
France,0,0,2,3,3,3,4,5,5,5,6,6,6,6,6,6,6,11,11,11,11,11,11,11,12,12,12,12,12,12,12,12,12,12,14,18,38,57,100,130,191,204,288,380,656,959,1136,1219,1794,2293,2293,3681,4496,4532,6683,7715,9124,10970,12758,14463,16243,20123,22622,25600,29551,33402,38105,40708,45170,52827,57749,59929,65202,69500,71412,75343,79163,83057,87366,91738,94863,121712,125394,131361,134582,147091,149130,149149
Germany,0,0,0,0,0,1,4,4,4,5,8,10,12,12,12,12,13,13,14,14,16,16,16,16,16,16,16,16,16,16,16,16,16,16,17,27,46,48,79,130,159,196,262,482,670,799,1040,1176,1457,1908,2078,3675,4585,5795,7272,9257,12327,15320,19848,22213,24873,29056,32986,37323,43938,50871,57695,62095,66885,71808,77872,84794,91159,96092,100123,103374,107663,113296,118181,122171,124908,127854,130072,131359,134753,137698,141397,143342
United Kingdom,0,0,0,0,0,0,0,0,0,2,2,2,2,2,2,2,3,3,3,8,8,9,9,9,9,9,9,9,9,9,9,9,9,13,13,13,15,20,23,36,40,51,86,116,164,207,274,322,384,459,459,802,1144,1145,1551,1960,2642,2716,4014,5067,5745,6726,8164,9640,11812,14745,17312,19780,22453,25481,29865,34173,38689,42477,48436,52279,55949,61474,65872,74605,79874,85206,89570,94845,99483,104145,109769,115314
China,548,643,920,1406,2075,2877,5509,6087,8141,9802,11891,16630,19716,23707,27440,30587,34110,36814,39829,42354,44386,44759,59895,66358,68413,70513,72434,74211,74619,75077,75550,77001,77022,77241,77754,78166,78600,78928,79356,79932,80136,80261,80386,80537,80690,80770,80823,80860,80887,80921,80932,80945,80977,81003,81033,81058,81102,81156,81250,81305,81435,81498,81591,81661,81782,81897,81999,82122,82198,82279,82361,82432,82511,82543,82602,82665,82718,82809,82883,82941,83014,83134,83213,83306,83356,83403,83760,83787
Turkey,0,0,0,0,0,0,0,0,0,0,0,0,0,0,0,0,0,0,0,0,0,0,0,0,0,0,0,0,0,0,0,0,0,0,0,0,0,0,0,0,0,0,0,0,0,0,0,0,0,1,1,5,5,6,18,47,98,192,359,670,1236,1529,1872,2433,3629,5698,7402,9217,10827,13531,15679,18135,20921,23934,27069,30217,34109,38226,42282,47029,52167,56956,61049,65111,69392,74193,78546,82329
Iran,0,0,0,0,0,0,0,0,0,0,0,0,0,0,0,0,0,0,0,0,0,0,0,0,0,0,0,0,2,5,18,28,43,61,95,139,245,388,593,978,1501,2336,2922,3513,4747,5823,6566,7161,8042,9000,10075,11364,12729,13938,14991,16169,17361,18407,19644,20610,21638,23049,24811,27017,29406,32332,35408,38309,41495,44605,47593,50468,53183,55743,58226,60500,62589,64586,66220,68192,70029,71686,73303,74877,76389,77995,79494,80868
Belgium,0,0,0,0,0,0,0,0,0,0,0,0,0,1,1,1,1,1,1,1,1,1,1,1,1,1,1,1,1,1,1,1,1,1,1,1,1,1,1,2,8,13,23,50,109,169,200,239,267,314,314,559,689,886,1058,1243,1486,1795,2257,2815,3401,3743,4269,4937,6235,7284,9134,10836,11899,12775,13964,15348,16770,18431,19691,20814,22194,23403,24983,26667,28018,29647,30589,31119,33573,34809,36138,37183
Russia,0,0,0,0,0,0,0,0,0,2,2,2,2,2,2,2,2,2,2,2,2,2,2,2,2,2,2,2,2,2,2,2,2,2,2,2,2,2,2,2,3,3,3,4,13,13,17,17,20,20,28,45,59,63,90,114,147,199,253,306,367,438,495,658,840,1036,1264,1534,1836,2337,2777,3548,4149,4731,5389,6343,7497,8672,10131,11917,13584,15770,18328,21102,24490,27938,32008,36793
Brazil,0,0,0,0,0,0,0,0,0,0,0,0,0,0,0,0,0,0,0,0,0,0,0,0,0,0,0,0,0,0,0,0,0,0,0,1,1,1,2,2,2,2,4,4,13,13,20,25,31,38,52,151,151,162,200,321,372,621,793,1021,1546,1924,2247,2554,2985,3417,3904,4256,4579,5717,6836,8044,9056,10360,11130,12161,14034,16170,18092,19638,20727,22192,23430,25262,28320,30425,33682,36658
Canada,0,0,0,0,1,1,2,2,2,4,4,4,4,4,5,5,7,7,7,7,7,7,7,7,7,7,8,8,8,8,9,9,9,10,11,11,13,14,20,24,27,30,33,37,49,54,64,77,79,108,117,193,198,252,415,478,657,800,943,1277,1469,2088,2790,3251,4042,4682,5576,6280,7398,8527,9560,11284,12437,12978,15756,16563,17872,19141,20654,22059,23316,24298,25679,27034,28208,30808,32813,34355
Netherlands,0,0,0,0,0,0,0,0,0,0,0,0,0,0,0,0,0,0,0,0,0,0,0,0,0,0,0,0,0,0,0,0,0,0,0,0,1,1,6,10,18,24,38,82,128,188,265,321,382,503,503,806,962,1138,1416,1711,2058,2467,3003,3640,4217,4764,5580,6438,7468,8647,9819,10930,11817,12667,13696,14788,15821,16727,17953,18926,19709,20682,21903,23249,24571,25746,26710,27580,28316,29383,30619,31766
Switzerland,0,0,0,0,0,0,0,0,0,0,0,0,0,0,0,0,0,0,0,0,0,0,0,0,0,0,0,0,0,0,0,0,0,0,1,1,8,8,18,27,42,56,90,114,214,268,337,374,491,652,652,1139,1359,2200,2200,2700,3028,4075,5294,6575,7474,8795,9877,10897,11811,12928,14076,14829,15922,16605,17768,18827,19606,20505,21100,21657,22253,23280,24051,24551,25107,25415,25688,25936,26336,26732,27078,27404
Portugal,0,0,0,0,0,0,0,0,0,0,0,0,0,0,0,0,0,0,0,0,0,0,0,0,0,0,0,0,0,0,0,0,0,0,0,0,0,0,0,0,2,2,5,8,13,20,30,30,41,59,59,112,169,245,331,448,448,785,1020,1280,1600,2060,2362,2995,3544,4268,5170,5962,6408,7443,8251,9034,9886,10524,11278,11730,12442,13141,13956,15472,15987,16585,16934,17448,18091,18841,19022,19685
India,0,0,0,0,0,0,0,0,1,1,1,2,3,3,3,3,3,3,3,3,3,3,3,3,3,3,3,3,3,3,3,3,3,3,3,3,3,3,3,3,5,5,28,30,31,34,39,43,56,62,73,82,102,113,119,142,156,194,244,330,396,499,536,657,727,887,987,1024,1251,1397,1998,2543,2567,3082,3588,4778,5311,5916,6725,7598,8446,9205,10453,11487,12322,13430,14352,15722
Ireland,0,0,0,0,0,0,0,0,0,0,0,0,0,0,0,0,0,0,0,0,0,0,0,0,0,0,0,0,0,0,0,0,0,0,0,0,0,0,1,1,1,2,6,6,18,18,19,21,34,43,43,90,129,129,169,223,292,557,683,785,906,1125,1329,1564,1819,2121,2415,2615,2910,3235,3447,3849,4273,4604,4994,5364,5709,6074,6574,8089,8928,9655,10647,11479,12547,13271,13980,14758
Austria,0,0,0,0,0,0,0,0,0,0,0,0,0,0,0,0,0,0,0,0,0,0,0,0,0,0,0,0,0,0,0,0,0,0,2,2,3,3,9,14,18,21,29,41,55,79,104,131,182,246,302,504,655,860,1018,1332,1646,2013,2388,2814,3582,4474,5283,5588,6909,7657,8271,8788,9618,10180,10711,11129,11524,11781,12051,12297,12639,12942,13244,13555,13806,13945,14041,14226,14336,14476,14595,14671
Peru,0,0,0,0,0,0,0,0,0,0,0,0,0,0,0,0,0,0,0,0,0,0,0,0,0,0,0,0,0,0,0,0,0,0,0,0,0,0,0,0,0,0,0,0,1,1,6,7,11,11,15,28,38,43,86,117,145,234,234,318,363,395,416,480,580,635,671,852,950,1065,1323,1414,1595,1746,2281,2561,2954,4342,5256,5897,6848,7519,9784,10303,11475,12491,13489,14420
